100

50	68	127	101	-175	115	-19	-32	-80	-6	-26	76	210	-23	220	14	19	33	13	43	-27	-101	125	115	87	-145	3	93	-74	169	-94	7	159	-45	10	110	29	43	-2	-39	-128	219	-11	141	-27	25	-41	12	-37	-22	51	28	28	60	46	-76	-87	0	24	-53	9	210	274	85	182	168	-15	2	53	81	-96	227	-92	-47	1	-41	216	-47	33	9	58	87	136	164	32	181	35	144	89	90	-68	155	44	26	115	99	-20	-83	-81	165	
99	-48	70	-54	92	19	68	21	53	-98	-12	7	4	-47	-55	133	-59	5	4	-9	56	18	31	-3	-16	26	141	-12	73	-121	-210	-74	-24	-16	-135	10	-104	-81	75	-7	29	-124	63	99	-39	-43	-29	99	111	39	-29	19	-47	76	-109	91	25	-52	-37	-21	18	62	-121	-63	-28	-11	63	49	-55	135	12	28	8	-59	45	-146	-18	-30	5	-79	39	92	36	175	28	-97	-45	29	163	110	-158	-48	45	212	24	4	-39	232	150	8	
92	55	81	13	-68	-79	92	31	3	49	79	-70	87	-121	53	127	-15	-100	-93	-32	86	-26	113	-8	-36	83	-79	-146	-72	38	-58	16	98	94	119	69	32	-126	116	170	184	284	7	160	109	-49	13	-42	-162	99	-95	38	-59	-5	62	-62	64	69	86	78	54	263	14	-41	-32	9	36	-100	-25	61	26	-21	138	-49	2	106	124	82	137	148	-1	-145	130	121	56	68	3	-29	34	109	18	-50	-33	-88	148	6	63	60	66	35	
-7	-2	68	146	73	-98	73	-17	170	-113	77	-272	46	92	-135	117	-18	31	61	40	100	94	51	-13	211	79	80	-73	158	-49	143	59	-48	-7	128	113	60	-32	-10	137	233	78	-58	125	82	66	-152	20	-76	-165	-152	51	25	-51	-93	13	142	156	-101	179	82	196	30	55	70	43	64	19	-94	-52	-29	96	212	129	27	122	-106	51	-5	-171	-44	81	97	-63	36	-6	-37	49	-9	3	-22	53	54	-120	-94	-76	153	96	-13	229	
57	-86	-150	-33	-43	55	-50	-56	76	63	165	69	-27	-11	-22	-44	67	29	89	-10	-3	-73	44	213	-103	93	19	126	-173	-65	-38	-118	154	97	-20	30	-54	-37	162	-85	99	7	23	129	-89	27	-96	-7	-21	-19	-89	-33	40	132	9	-120	160	-86	-43	-25	19	-27	15	122	-5	8	168	-41	-30	61	-79	2	-22	69	25	-84	-67	-67	-41	34	49	-16	6	-110	159	118	-60	-26	-92	225	117	-129	56	42	109	75	8	-28	37	-12	
23	72	-160	-8	-2	38	-24	-103	-84	99	77	-86	129	126	-11	1	144	29	125	136	222	91	65	300	-105	4	87	129	130	-130	77	19	-40	67	-8	4	114	263	-89	167	164	118	-60	117	144	-203	-43	84	-172	27	-42	-12	-88	96	39	130	31	-27	-42	146	-5	116	26	99	-87	43	24	142	100	130	-193	88	36	82	205	49	-147	27	-87	50	79	-85	269	160	45	29	-114	-47	17	84	-24	-169	53	82	-58	107	91	-13	-46	172	
229	133	69	26	-103	46	-120	61	143	-64	-19	44	123	-76	-23	-56	-2	33	199	13	49	18	103	125	61	26	-144	2	77	39	19	-38	5	-17	-140	102	193	23	28	19	82	127	-114	130	40	-53	-89	-111	-17	26	-19	37	13	-65	-10	71	-126	145	132	69	120	167	32	69	26	132	22	122	36	12	68	187	108	21	28	-3	179	12	-120	70	-53	-69	195	68	-16	178	63	-34	72	4	60	-12	-51	7	-84	48	-21	133	114	129	
51	-64	60	23	117	137	2	2	-39	96	0	-55	3	-52	3	25	-23	249	183	44	61	-70	212	83	27	-143	84	50	-25	95	-49	87	-93	-29	94	-87	3	91	65	-97	99	-34	-20	19	3	36	96	-48	158	147	8	-52	43	38	-66	-2	60	-155	10	-127	16	159	64	-36	109	-31	-4	-14	49	110	-84	88	80	-33	122	12	29	-123	-115	19	39	42	52	-3	66	17	-4	68	137	143	-5	-111	69	118	-116	77	-139	194	2	1	
197	166	118	28	31	94	13	77	54	-62	10	38	14	-52	97	94	-30	-51	122	-21	174	99	129	41	-104	-18	220	136	31	22	-17	51	-19	-97	-109	-50	-138	40	42	-6	25	-8	-102	92	2	52	-75	148	47	6	21	71	-8	71	-54	79	-31	-21	65	-197	-27	100	69	42	-38	78	88	211	-39	152	-104	-113	114	31	141	77	-2	-125	-62	116	89	36	-18	178	65	-112	-68	6	105	-9	-156	18	196	-46	-12	-7	35	103	-23	96	
-29	114	179	190	-32	-15	66	-44	110	-73	-123	130	-6	-31	-100	166	151	10	-81	-24	59	-30	9	-84	106	15	-34	-75	64	134	-53	44	89	108	84	62	140	-60	45	54	42	136	111	-58	81	-6	7	-15	139	-94	38	81	105	-25	-48	70	40	148	-23	85	-17	171	83	54	-61	39	46	86	-47	-19	182	-23	103	-27	-3	64	12	67	-4	77	-61	152	120	22	60	-13	273	8	-20	45	6	113	-21	-11	-8	-48	83	11	-16	202	
8	78	49	112	53	60	-24	-39	120	-35	-131	111	48	-10	-85	132	39	76	-51	-1	39	-17	21	30	123	-179	40	26	38	-16	-86	48	16	-63	10	109	-32	26	2	100	55	106	143	62	12	57	3	176	57	-67	36	-26	17	-134	53	139	-21	-34	-61	1	33	56	-63	69	32	20	17	-54	65	100	-8	48	119	72	-142	-26	-30	-146	63	-16	158	76	-7	12	4	84	43	-37	101	68	-74	63	168	-22	-36	-4	-23	83	26	61	
62	119	-33	23	-48	125	17	-12	-52	-31	84	-38	94	-17	72	138	-12	40	111	131	140	99	-78	80	38	-9	95	52	135	196	92	52	179	-38	67	-119	103	-26	130	55	-46	89	-60	-58	102	47	-36	156	-94	78	76	45	-96	86	138	130	62	-30	167	-68	-83	-25	92	-44	-71	191	-98	-10	53	240	-52	-13	-97	-148	-3	-28	-22	119	-15	87	55	115	10	151	-23	73	-110	-31	107	62	-40	15	37	34	57	81	92	74	24	-57	
39	10	139	217	96	-92	35	-37	156	-71	79	-39	102	-56	44	76	22	35	94	6	-31	125	128	-84	-89	-145	-111	61	-13	-187	8	150	36	-105	109	24	176	178	-105	81	63	20	-28	-156	86	-17	-81	-132	122	10	-81	-102	54	-2	48	-59	0	45	23	58	89	56	-46	-168	125	49	-119	-74	16	-22	-79	52	84	99	-76	35	-112	-82	231	116	-19	-67	-3	-26	8	41	13	46	130	64	-93	-27	255	99	-9	46	134	-5	30	-58	
135	48	-57	26	-57	33	74	4	-101	-152	28	-4	-73	117	-69	194	-87	-18	-24	-11	9	-2	111	257	96	107	-13	-139	117	-129	-24	35	86	94	-7	33	179	137	27	110	-27	70	32	94	135	-63	0	-30	-112	-119	-118	-15	88	134	-92	42	-35	22	22	136	173	143	53	161	-46	-56	132	64	99	11	59	-28	83	70	4	54	-19	180	-53	3	88	50	45	14	20	32	-34	-4	-33	209	129	49	112	69	-45	200	108	-24	-95	114	
64	67	69	-47	-41	-35	209	-73	-45	82	102	-40	-140	-56	-22	-34	-67	22	149	46	77	8	-38	59	5	232	-34	5	93	16	-11	-80	32	43	-38	79	70	-35	75	24	85	85	8	42	-9	94	-107	19	-25	116	17	44	65	50	61	181	47	-9	9	-23	19	-24	-42	-104	25	-13	91	6	-23	57	69	-124	-82	84	-7	17	141	27	-82	84	98	125	42	70	47	47	143	-2	8	4	57	141	-84	-91	91	-6	-69	20	-31	8	
153	144	40	-58	46	-133	29	-46	17	-43	25	9	101	-23	56	187	-38	82	19	-18	98	-52	62	49	86	84	21	-33	35	97	3	17	74	49	49	63	30	-5	105	-67	-63	170	-46	152	47	137	-60	-14	35	22	26	36	74	-12	108	47	125	-60	37	211	28	83	171	0	43	131	206	14	-17	4	-28	73	0	156	45	214	0	-93	-15	-53	103	-65	-121	-5	15	-169	59	-140	151	94	-11	97	117	-9	-17	21	31	-25	136	-9	
168	92	133	34	20	-58	-33	-151	27	-86	80	53	106	162	-55	-26	-34	112	-48	-203	112	84	-61	54	60	9	-46	37	45	-136	81	5	-6	227	49	197	-31	110	-11	28	3	1	146	134	65	62	94	55	-53	-151	78	64	169	15	172	-68	96	93	-54	157	138	-16	102	147	53	121	100	112	181	-136	70	30	-53	90	-50	130	-65	90	139	12	54	-35	85	128	118	-127	42	32	8	-107	-44	80	185	73	204	-6	63	-76	30	74	
100	144	-14	1	49	50	-6	14	-13	85	27	-108	-155	-63	44	184	48	-19	-116	-55	-55	-2	204	-39	-113	234	28	236	0	-49	-29	7	136	-90	-28	60	62	-34	44	78	63	29	13	81	88	180	150	32	-128	60	137	59	3	-59	-8	-32	111	13	48	121	-6	59	134	-54	86	-88	-27	148	139	-35	62	81	-15	-88	-67	81	-36	3	51	50	-78	-21	55	216	189	-63	66	-35	-16	35	-198	-96	-19	-20	193	80	114	51	-113	-65	
-40	92	66	76	55	-97	-63	88	62	-131	6	76	193	-22	43	-79	27	115	-42	61	61	-146	-61	77	64	-221	17	-31	-43	168	-177	37	107	35	65	-38	99	-6	99	-77	-103	-56	101	66	-46	-2	52	86	162	40	-44	106	-26	142	-26	48	-117	-151	-6	-45	-51	-15	-3	107	-190	-13	86	47	10	-37	-84	97	-141	-49	39	-74	22	97	67	65	-17	120	-35	-79	-12	-74	58	4	65	-3	1	85	69	-56	159	2	-37	-54	207	13	
14	58	-143	-6	-66	-82	21	-8	-84	106	7	-185	-16	-62	-25	-65	75	82	-129	256	70	54	-25	-50	-5	89	10	93	-88	-57	37	25	-49	-52	33	15	13	-66	104	0	-60	76	-30	-59	-39	73	-32	-90	-81	158	-23	5	3	55	0	-59	34	-78	35	-156	133	-106	133	12	0	55	95	-24	64	23	84	-51	-92	-28	-94	-45	13	19	74	86	32	-19	23	112	41	55	153	80	53	38	13	-137	62	43	-58	-135	24	-90	-7	-53	
22	102	169	15	-67	-109	75	-7	-61	-3	-175	-54	50	54	165	44	46	-41	200	51	-23	86	-2	11	131	24	11	8	235	179	165	-10	-22	108	16	124	-27	-55	35	105	194	188	8	158	199	-56	-72	73	-74	75	149	146	-89	37	79	33	47	-39	93	92	113	80	12	51	232	107	-38	118	-64	-47	13	91	38	88	27	150	-94	56	110	-7	20	-9	118	38	-14	-18	2	-28	-73	9	64	36	-115	79	22	125	69	81	1	66	
68	91	94	37	-49	72	184	95	-97	-92	-148	-56	4	67	41	51	-136	138	56	6	95	-40	47	141	174	-39	78	63	151	156	76	-40	5	44	-73	-109	30	26	30	173	-31	94	1	90	134	-158	-11	-41	-145	34	71	-46	87	26	69	-13	-43	31	-167	27	-26	36	147	27	105	107	-53	-77	175	166	-35	41	50	107	-37	-63	-92	21	74	-18	42	21	-80	186	27	109	-103	-138	110	97	119	86	30	56	199	75	57	156	85	-15	
129	33	104	26	-37	71	172	-47	-5	87	-72	-1	67	4	70	121	-20	129	160	80	-26	44	-50	77	33	31	57	51	38	-29	-11	-69	-98	-33	141	-162	-110	37	-1	94	87	122	44	-111	101	-9	-178	-115	188	-50	157	22	60	34	35	46	52	0	20	15	-83	97	-44	-6	43	-27	197	133	-44	104	60	142	22	56	-29	53	64	-168	2	112	27	131	3	-44	240	67	51	78	148	175	-12	14	51	-47	79	85	48	126	24	7	
-201	137	39	-112	68	21	83	80	-62	52	-9	-128	67	71	-90	-36	-12	39	175	0	-25	144	100	-134	125	323	-45	79	151	97	158	75	12	-179	137	66	-28	-40	-24	185	118	86	76	-8	26	-17	85	-65	67	112	124	49	24	29	154	-57	147	145	0	148	50	44	-42	-8	7	89	27	38	-82	99	48	75	88	-99	-168	-17	18	88	-27	11	-123	186	129	-51	-129	30	29	37	131	5	84	-46	-1	-7	31	-44	61	131	-42	-20	
81	-103	-2	-147	38	-72	-87	27	-177	138	-27	-157	73	16	102	-49	-58	-85	9	-19	-59	39	24	-8	51	40	73	-150	-8	-90	23	-37	-27	-64	-47	46	70	-25	18	153	13	40	-59	85	-111	100	62	-32	-41	-38	134	-70	-95	-131	20	-45	56	73	-15	100	5	59	-30	-77	146	-43	41	-162	54	35	-49	19	-21	-100	-101	10	15	13	-47	-84	37	-110	-26	23	-3	-18	30	-8	123	-149	-42	20	146	-29	-53	-73	-26	-54	-4	-108	
-47	52	-50	-187	-115	59	-85	32	8	52	-2	61	41	54	-14	-149	39	-138	37	59	-43	166	97	-22	-152	31	33	33	-106	-21	-52	78	91	-146	3	77	136	7	-34	61	128	-98	86	97	15	78	9	-59	-33	25	-23	3	-79	150	-27	23	-94	100	-65	137	-71	6	-2	103	29	-37	106	-3	-30	15	-84	14	-46	22	94	-29	-193	35	33	87	-132	-66	80	84	80	22	-41	-112	90	29	-172	-93	26	24	-57	209	117	-16	-6	-74	
-23	78	71	-112	6	-88	-30	20	-32	0	-72	-108	-5	48	13	17	72	4	-41	-39	6	-60	-129	7	-80	52	-8	-10	87	14	76	-40	-56	-16	163	52	-150	73	129	-72	66	70	-67	33	137	-66	170	-45	83	124	56	118	46	0	28	-3	132	81	77	73	84	180	-126	-40	-44	39	26	252	7	-27	-13	92	192	47	-20	199	117	20	-35	60	137	-23	161	-185	-83	47	140	95	-58	-103	25	117	-59	-26	-52	-117	-14	118	105	-19	
41	70	51	-23	107	-47	129	33	46	-57	50	121	-52	85	23	58	-130	94	243	-69	30	63	-38	-25	74	119	119	142	52	32	113	101	-10	113	97	69	-141	47	74	6	139	30	179	100	-29	50	5	6	92	-13	258	47	210	50	19	55	62	-19	80	92	33	72	-78	-72	96	36	114	231	-103	65	172	12	47	17	-54	136	25	26	3	47	52	84	149	-27	-13	-52	192	12	129	-22	-14	123	117	47	66	48	19	250	-69	18	
127	-57	103	34	-134	75	52	-48	140	109	44	-21	-68	-73	141	143	-17	-38	-62	119	104	-22	253	-63	-18	182	-3	27	83	96	135	-39	36	97	101	50	99	-1	146	55	76	196	-19	116	71	126	-92	-73	-76	75	7	263	134	-32	-94	55	165	168	87	99	81	71	179	-20	-112	14	71	34	27	125	137	100	127	86	143	71	141	20	-40	129	-52	32	-62	246	47	97	84	-43	-4	136	30	54	-64	18	-24	107	3	154	102	87	
93	42	-28	85	-48	106	-9	53	-85	-1	-145	111	67	-27	-106	-23	-9	43	-5	-67	-32	-81	94	33	-16	-166	27	13	62	156	-107	84	-6	-114	-160	-71	21	69	187	32	-7	4	-56	-95	-38	-145	94	-18	-90	42	151	35	46	82	37	92	27	-35	-151	-84	-20	-88	124	110	-41	151	-45	75	21	138	54	47	-104	11	-64	-220	32	66	-15	-71	-8	77	-114	45	47	97	-135	-64	89	60	-144	-28	63	-11	-82	81	142	83	34	-28	
59	167	-22	152	-68	83	-2	102	186	31	2	272	71	-105	126	89	51	-67	143	89	65	-24	-44	39	-67	135	105	131	-86	70	227	80	106	54	88	4	78	-50	64	-52	20	146	-27	102	0	33	30	-52	147	70	-30	4	129	48	-111	-55	45	146	5	14	-124	146	61	-26	-19	220	124	32	-108	141	20	-1	71	-26	135	168	116	77	99	155	15	-73	25	89	137	116	92	-55	78	187	11	175	24	-52	6	239	43	87	-104	211	
-46	-91	37	51	-84	27	52	44	-106	142	1	-101	20	-66	58	-97	-33	38	154	141	-40	-82	-72	138	-142	-3	63	10	-52	-67	-77	103	-167	-3	125	-178	-48	9	66	-81	45	83	-75	-23	-40	-93	13	117	-90	33	-45	57	-98	-200	36	74	172	-53	-53	32	23	-56	18	-118	-42	-117	-22	14	107	149	-121	50	19	34	89	-70	217	34	16	-116	-48	83	2	22	-9	60	-55	-20	-193	-121	61	-237	17	-20	-83	-164	-117	4	65	3	
2	191	-9	120	76	27	-54	-51	106	-3	108	-66	59	-57	-71	144	-92	91	143	93	108	28	30	50	146	56	-249	-3	-23	61	19	-2	185	77	42	-2	109	-23	60	-1	9	3	-170	64	63	-10	-22	10	46	17	-91	-23	-42	87	-19	-88	125	115	-69	31	-44	119	64	26	97	48	-49	-21	150	44	-52	-4	3	69	-55	78	8	287	-87	77	-88	-19	-42	-70	208	46	-56	-59	-33	-53	89	67	-51	63	38	76	247	4	-22	47	
19	65	40	70	24	150	-5	-8	44	132	46	146	-39	-10	108	88	86	12	94	97	158	-13	187	27	91	1	14	46	209	9	64	89	157	189	13	24	113	-11	57	14	109	8	-130	44	44	46	-111	145	34	49	236	-31	129	142	97	-66	136	-78	129	126	-132	-7	53	62	95	38	107	24	51	118	-156	-3	14	-12	180	200	-57	124	-8	63	99	2	-1	156	-36	-25	-159	-98	121	113	65	27	-56	149	72	200	-155	72	-38	-35	
96	-9	60	2	55	-55	-46	-2	172	-142	29	99	-10	-72	57	-95	127	60	152	-52	16	39	30	41	79	98	25	162	10	-56	61	26	29	111	57	11	97	138	90	-43	26	-123	88	229	118	112	-36	194	-3	-7	66	117	-23	174	-46	-5	31	91	50	106	129	-106	-156	45	-11	72	99	143	-32	101	47	41	33	57	32	63	8	212	19	154	-21	-41	13	65	-119	-54	-120	1	104	-34	69	-81	75	122	94	28	54	172	109	-64	
-55	-27	-143	173	84	64	18	-73	-10	36	51	-13	118	-26	-51	34	153	-69	-46	-159	-33	40	-101	102	-106	140	-49	130	139	-31	88	26	-11	132	66	91	17	155	10	118	117	141	19	74	22	-14	3	80	-115	120	-17	-55	-125	-34	68	109	204	175	-94	157	111	43	-106	-77	29	105	-5	40	-41	70	14	20	29	71	78	-41	129	7	-85	53	19	-64	39	26	-59	14	-72	-82	-101	24	-100	41	-66	20	58	33	138	-113	-178	-22	
-17	8	135	-16	-27	166	-15	-113	61	0	-68	24	157	22	69	-94	214	58	49	47	-16	111	-1	-41	152	13	-58	-12	-111	-94	-3	-55	-44	197	79	33	21	71	-176	98	42	52	113	96	-194	7	-7	-59	148	-182	129	-48	113	35	128	-24	-70	44	-4	-22	-72	-85	-14	-100	101	26	75	18	36	15	-60	171	33	-124	-52	-89	50	-36	-10	-29	19	-39	139	-8	-43	12	11	118	13	-27	-14	28	-14	167	29	-42	-53	-43	0	38	
122	-7	-87	-49	-103	113	-110	-39	96	0	171	-76	-135	22	-50	7	-66	65	65	223	-95	-94	215	15	-4	-6	11	111	-86	124	-16	71	14	-7	-56	-26	-11	-62	98	-60	117	-77	-22	-11	-148	121	-149	-19	-135	-29	-80	-46	-24	84	-143	22	24	-11	3	-33	22	8	141	-2	111	-68	177	158	-23	-54	-97	-89	31	107	43	44	-83	-76	64	48	-49	-20	54	-14	139	-71	68	73	9	-59	-157	-12	-171	-111	3	91	2	129	-202	-13	
-72	73	-90	-113	-79	54	45	-194	-49	222	145	143	53	112	-119	44	27	116	154	59	83	46	-88	151	-43	75	-20	174	128	-29	184	31	-56	-3	57	36	42	51	-13	-20	8	58	150	36	148	-20	62	30	-56	42	115	-59	6	83	126	22	141	88	-55	259	236	-72	72	-3	16	-27	10	46	57	152	0	-62	5	87	47	155	-31	100	-48	21	144	72	121	121	44	64	122	65	172	181	156	-107	-12	3	131	13	-5	135	-96	149	
86	79	81	54	114	-71	79	83	139	32	97	-96	-30	-99	106	108	40	138	52	-167	6	0	21	-41	111	94	96	84	10	165	114	112	33	9	33	197	55	-78	100	47	103	32	53	18	83	277	5	234	35	-123	45	119	104	-150	-21	78	151	98	22	84	-106	-1	-41	-18	81	98	71	7	107	11	136	116	-12	37	9	47	182	37	-32	-47	-144	-55	-50	-28	115	7	126	12	-13	-68	-59	173	85	-1	195	-10	-22	76	34	-6	
241	101	139	163	-20	160	174	-68	-14	44	-56	49	34	93	130	58	-117	45	-52	99	67	76	-48	59	23	24	-48	90	-92	34	25	-64	104	27	176	85	127	20	132	-30	-109	236	63	39	245	2	-110	57	30	11	114	19	-122	61	4	5	100	91	107	29	32	18	83	35	55	87	-38	-94	-3	327	-3	0	27	-57	0	191	168	226	-93	3	38	42	-4	126	109	114	-72	-4	46	113	101	100	35	-62	11	168	203	179	-117	84	
-32	37	90	-45	17	0	84	58	30	8	103	184	58	26	3	5	106	74	178	-129	121	-48	87	36	10	50	-82	-10	-68	-89	-52	3	-56	29	-6	96	62	81	-83	228	84	136	41	125	-87	-61	51	-1	12	18	38	61	68	-135	45	-48	-65	-26	40	89	37	-5	-69	3	72	78	184	154	116	52	-101	-7	114	20	-59	11	128	-92	44	-31	108	-81	45	-4	-79	-77	58	-169	187	-10	100	39	203	-46	-50	107	-21	-98	73	26	
31	-45	-135	-1	-60	77	35	-102	7	72	-26	121	47	84	44	24	214	42	36	-40	37	65	-207	0	-81	52	-105	198	-62	-128	2	-23	168	134	-70	119	46	43	-126	50	-19	207	31	66	15	17	-97	27	78	-21	72	107	-73	-45	19	-39	-83	90	-157	75	40	20	-6	143	19	73	13	101	-11	22	33	106	54	8	173	-37	118	19	-144	-75	-44	-136	112	86	47	-41	76	-71	-5	82	73	33	113	133	32	86	195	-114	16	54	
60	-49	184	-72	-29	-18	78	-61	16	95	95	-31	90	-152	29	-60	111	-53	-50	-9	-26	-36	-41	-56	-97	22	26	101	-53	-6	46	-18	-146	7	-40	49	-11	58	99	-38	-29	38	-37	-42	-16	37	164	36	-72	-44	-29	63	-69	-9	-43	96	120	-122	73	-65	-104	-122	-103	-68	-23	42	28	52	21	73	-18	-105	-168	-38	6	-119	245	-7	-81	78	32	-12	7	-37	96	-33	139	58	-8	-85	11	51	5	-226	66	-107	26	52	14	-62	
98	71	-170	64	-51	9	-13	-198	53	102	-2	15	-43	3	-87	-16	-114	-2	72	-14	-8	109	-17	220	-154	0	-35	-4	34	-24	27	-55	-84	-117	55	154	-89	18	-105	41	132	16	79	-22	-79	2	-115	68	-41	-20	99	-129	-37	132	117	-58	232	123	-24	-7	209	43	11	-35	136	89	126	12	-77	36	-49	-71	-83	-9	14	29	66	-31	-99	-61	14	19	88	48	7	17	-40	41	-38	43	16	-8	-75	4	-76	119	-5	-70	-206	130	
99	118	-106	81	83	75	96	27	222	185	32	-103	-40	-192	-8	167	68	147	-25	10	216	-176	185	47	-1	92	-75	156	113	67	44	20	-43	88	48	-54	-13	55	122	102	310	-26	-71	178	-35	107	-45	-80	-122	40	5	47	134	87	31	114	121	2	-40	96	51	67	23	-5	-32	59	270	100	190	75	37	137	-20	118	42	60	70	88	-122	138	-9	34	184	10	107	47	-55	-136	-2	113	35	38	-120	-14	-2	180	3	150	71	-1	
-38	102	11	42	63	142	114	-37	112	41	-10	61	96	161	21	72	-3	171	46	116	60	51	-42	-87	6	86	37	0	15	6	158	56	44	37	93	-103	64	22	63	98	166	155	44	76	-182	29	106	51	-15	-34	100	58	161	-76	24	60	80	82	-62	51	120	-32	133	1	-65	-19	49	163	20	118	193	5	141	-179	56	83	200	119	61	-16	3	2	117	133	29	63	79	-61	241	-43	11	137	18	-12	-48	141	74	132	-112	157	
-2	117	-7	3	34	-201	-65	125	-52	111	-186	-154	45	18	-66	-68	-1	-109	62	9	53	37	-33	37	177	86	-15	63	141	3	38	-10	-24	-71	-25	-50	37	-87	-20	58	-11	-67	10	14	80	-80	-138	-8	84	-78	140	39	85	-27	-14	80	12	-13	-8	-53	-147	-17	46	-12	-70	24	17	-7	51	-55	11	83	61	79	72	-110	-33	-21	-60	-63	-86	262	37	-23	-164	-17	-79	0	61	-41	82	-17	-69	67	-47	-19	28	194	-46	36	
8	28	-70	61	120	-56	-90	-100	58	-17	22	-60	169	89	5	5	157	-50	-287	-26	-111	42	87	-36	-168	-101	-42	-19	108	-90	-33	28	118	-68	-138	-47	37	-109	76	58	60	30	-24	2	-37	39	-72	-88	-78	-77	0	-193	-10	115	61	-115	82	-7	70	66	135	155	99	29	82	151	-156	-88	-62	-100	3	-125	-57	54	-175	5	-44	-108	12	103	25	-33	7	22	-27	-12	32	96	25	50	-12	-69	99	-121	109	-28	73	-44	93	-123	
117	29	160	-5	-8	-115	133	-73	-55	211	-109	11	44	-56	47	75	64	-154	-98	-117	-54	61	-22	-12	7	167	-151	-36	112	-133	64	-15	-123	-11	-29	-153	32	45	-22	107	86	167	2	3	16	72	-76	-81	-56	-1	95	13	9	-43	25	-18	-52	-41	14	39	0	50	-3	-126	-88	-63	97	28	-9	3	57	160	76	-29	137	-10	88	-24	117	-29	23	-31	64	-17	-34	44	7	25	8	98	28	-2	58	-126	152	-8	-27	89	-122	13	
68	86	-60	-13	-46	-2	-23	5	-1	-110	-69	100	-83	62	-2	88	-263	46	145	38	-3	78	-282	60	106	64	204	75	-17	-18	47	-99	123	-48	12	-48	47	-82	16	25	-95	77	122	129	-9	30	-24	91	-47	61	68	43	23	-93	-92	17	8	72	-36	-125	-35	-52	55	96	-180	12	-19	-50	-40	1	144	-46	104	-94	131	53	-102	-41	76	22	16	67	-90	114	121	6	33	-153	-124	79	17	-18	81	-36	12	68	46	-42	-85	78	
111	183	-104	122	-22	-84	107	-102	154	180	83	41	66	20	-208	119	-27	55	52	-41	181	57	25	143	73	115	-91	7	12	11	-6	108	-47	-44	101	-51	-4	65	67	79	5	78	-53	41	-8	79	-59	-50	-152	89	56	-76	188	69	-34	-64	82	-53	-90	15	5	-72	84	-15	-38	-35	138	142	73	2	0	129	-16	88	5	124	20	-83	123	60	98	-14	-27	22	137	93	63	-33	7	114	65	-53	103	33	24	36	-48	103	-22	63	
-21	-73	-70	-121	-202	4	119	-159	-171	81	-21	-66	-71	95	113	176	30	-58	-23	14	29	80	-18	-9	-6	139	-45	-170	30	22	41	0	138	57	120	-9	72	-69	-17	-32	-10	36	103	-11	-70	61	9	-84	-108	-2	-25	-41	32	92	24	-85	42	92	-84	134	184	-81	80	3	-34	89	-12	36	-110	-73	77	-37	-7	30	198	139	2	73	-9	112	-83	-63	87	-16	0	120	-54	12	-12	-104	52	81	-81	-49	-33	7	72	-19	-124	-32	
-13	181	106	41	133	4	-44	-88	91	-22	-82	-89	124	94	-30	-65	-51	9	155	-37	-85	170	31	-52	122	36	42	84	7	43	156	74	15	5	-3	-50	-11	73	34	83	227	-35	145	215	118	62	-70	13	-39	-78	98	67	40	-61	66	-58	150	194	-91	69	93	66	19	-22	52	170	-67	-62	-76	58	162	-20	81	-15	-106	14	-14	92	-59	43	-121	16	29	21	-4	-17	-218	59	120	-67	-123	46	91	73	78	37	113	88	32	70	
15	37	132	64	-49	115	34	-8	-108	100	116	38	-29	100	19	165	80	11	-8	91	-34	-117	1	65	66	-19	15	-13	41	100	55	117	32	-34	169	-87	80	99	218	-59	-32	87	62	-103	153	92	50	185	-116	155	124	45	-26	126	147	9	49	63	88	49	-6	-23	102	-96	-142	32	56	-9	66	242	-1	147	67	-48	21	42	24	222	47	87	42	-20	-12	13	-73	-19	12	40	58	234	79	108	-59	24	171	-44	-101	216	-15	-24	
-41	73	145	46	-106	-68	62	48	72	-21	77	68	-16	-1	-2	118	-125	-24	200	68	77	67	129	46	81	42	124	98	-17	68	50	16	142	170	-7	-69	-48	-47	173	-9	139	-24	-26	0	-56	116	-43	80	-147	-6	113	371	183	64	-3	59	88	-88	88	-37	-3	-51	15	163	-53	-16	-2	113	-141	-38	138	204	111	131	25	22	7	71	173	128	201	163	-71	144	193	85	61	36	-9	138	119	77	49	33	65	72	-57	-92	-32	77	
87	136	256	147	-149	5	34	97	133	-45	161	-81	26	-87	53	24	-27	-42	112	161	7	-130	192	44	-34	138	-44	177	-142	81	-82	10	84	-186	-6	109	12	12	187	-150	167	207	72	46	219	72	-15	-23	19	50	-218	170	-111	-14	75	7	-21	-43	135	-39	49	96	-94	104	-1	-11	62	166	20	32	-132	81	61	-104	-112	-81	122	118	54	24	77	22	55	47	75	301	-57	118	-4	148	18	55	50	-298	127	50	105	51	46	35	
13	161	24	79	-28	85	-112	13	164	0	51	152	158	33	110	-17	136	15	130	108	106	-99	-119	-2	-140	-60	37	162	-66	223	13	79	183	25	-96	59	-37	-36	25	-86	-11	-67	66	88	46	36	45	70	100	120	127	-35	41	207	110	113	55	65	-18	-85	18	-73	0	136	-52	167	94	175	111	94	-49	-69	-18	-18	96	96	111	35	-20	219	125	16	39	191	-24	102	-2	-56	3	-23	21	29	-101	146	31	123	-55	73	153	87	
88	89	-9	137	59	51	-61	-43	54	53	-107	81	61	45	-53	55	189	-7	31	56	57	1	107	-98	46	36	152	118	-14	112	33	246	-67	-122	39	43	2	8	233	-78	74	120	33	146	-62	109	55	13	-138	120	136	25	-163	35	-182	-16	94	149	27	14	33	129	114	-25	36	167	-20	134	-26	54	134	83	25	51	117	31	-76	109	-48	-44	-14	-64	199	136	47	45	-49	-33	214	43	-247	140	-18	63	-223	126	116	237	-239	51	
65	40	118	10	147	-42	53	-104	13	141	-4	21	-82	-93	-45	45	11	147	43	-66	31	-68	91	78	-132	15	117	121	38	-87	10	70	-127	-127	-100	-74	40	58	95	24	104	70	-33	-97	162	-45	-13	-20	160	-24	-3	96	168	-71	-142	-142	17	-10	64	45	-44	54	-98	10	-60	16	-47	135	-28	-32	8	120	22	57	188	65	-57	-91	16	-16	-94	-99	-133	-19	119	65	-24	-98	107	150	-62	-5	131	-2	54	-47	21	128	58	-90	
86	-39	-102	-13	-8	15	-155	-38	74	7	81	-116	37	-77	37	-26	184	81	-11	71	-26	-78	24	79	148	119	-5	72	37	93	-14	-35	209	-65	34	165	233	-19	155	8	59	139	-94	133	-3	-18	-66	19	-119	83	-35	14	-39	89	-73	-9	100	71	106	114	63	88	97	99	48	8	-101	-108	27	-10	68	65	-43	99	41	53	-25	-33	38	84	-76	33	84	-97	-47	2	65	97	-222	-32	59	-29	-88	-109	-73	-12	-140	9	-126	-6	
66	-47	-51	-23	-104	24	-102	-59	-65	188	84	4	107	5	54	57	-103	-110	79	-12	-45	-12	-7	131	61	-59	-58	-104	-56	6	76	-66	47	-86	-4	42	62	162	83	63	25	116	-21	-83	186	-58	50	-6	-39	7	57	145	-23	-27	-53	30	70	23	25	23	-17	168	35	41	-66	-58	-116	-76	138	12	84	39	-108	-74	-15	48	79	-51	-207	71	-4	-1	-56	-4	142	132	-68	99	42	95	-13	31	-39	-141	-56	155	3	-8	-86	63	
47	32	79	-78	13	80	0	55	-39	-11	80	118	32	-52	54	-103	-42	-41	72	-100	16	-25	18	104	-94	7	0	31	34	-16	55	66	144	54	-251	152	85	128	-24	51	61	63	-25	2	146	-93	-124	39	-58	41	51	72	138	26	51	66	-71	30	101	-31	56	58	53	66	23	-66	-78	-107	104	91	65	-116	17	115	-3	-28	-125	-158	9	185	74	-53	-50	49	75	-115	87	43	12	108	138	16	173	7	152	126	-33	-11	39	-14	
-71	-109	40	-92	111	2	157	9	48	72	-59	35	-52	32	65	54	60	193	-101	35	42	-36	-34	21	-36	21	-125	-92	-91	-81	-36	-221	-48	130	259	-22	-18	58	62	-135	5	80	39	-16	-6	66	156	53	150	76	-50	105	18	-43	91	-84	-33	-161	138	121	91	-139	-25	-6	-101	-92	126	63	82	-66	103	140	-13	-28	-37	-89	223	120	-15	-74	96	91	21	-158	-3	-25	64	207	282	74	103	-39	-10	59	195	-60	-59	107	204	-134	
-173	-44	-132	-114	114	61	75	-85	-162	250	-35	91	-54	17	30	-138	243	35	-112	56	2	13	-41	8	-239	101	-160	117	85	-214	141	69	20	-26	132	78	-60	45	44	67	78	47	15	-94	55	18	25	-36	107	131	-60	46	65	-125	134	-33	43	23	-78	22	-106	-115	-149	88	-58	53	4	-150	-22	13	-37	-29	-84	34	-37	-74	41	-75	57	258	121	-4	57	-105	25	172	-15	17	-10	110	18	-19	149	-125	150	57	25	-80	-3	-26	
169	-51	86	-7	67	-44	89	-118	61	12	-33	-100	88	-23	68	157	64	97	-13	-64	106	32	12	104	5	77	-16	-121	122	-43	-129	-45	-92	-174	-17	-79	161	-32	-111	49	102	45	157	80	66	95	-54	-63	70	-14	61	-16	23	24	-53	-89	23	-30	45	72	-13	96	2	-111	18	-36	3	118	126	-81	-130	44	-181	-13	12	128	50	42	-110	-81	-121	46	-73	137	-12	-86	-5	-94	-76	-17	7	40	20	-184	54	-40	-71	19	97	-9	
140	125	52	-28	-63	-41	68	-32	-61	71	-24	-106	19	127	71	-49	-112	-29	-39	-4	42	-21	-82	45	18	58	63	39	75	-63	85	48	-121	-141	7	20	200	58	126	73	34	133	58	-43	81	-98	-74	-150	-112	-14	-1	-1	155	6	-138	30	-41	188	140	-48	36	-7	100	6	48	-28	75	-64	28	29	98	92	111	47	-11	86	26	-95	68	26	-7	22	45	55	-16	44	80	12	105	214	157	86	58	-44	10	53	131	88	-166	-26	
142	95	63	-32	-115	105	-64	30	16	53	-118	-81	6	46	125	175	-52	-30	119	244	123	-41	41	59	25	14	49	-30	-28	108	-60	-131	-105	-122	-6	-27	-115	12	132	-159	180	49	79	28	-7	-48	59	13	37	50	59	59	-136	31	-19	-42	66	-81	-17	17	94	60	54	75	-23	-46	66	108	62	98	-69	-47	17	-54	37	78	-34	-10	34	-14	78	27	74	-6	13	81	-103	38	77	0	-17	-32	-73	-83	-13	-141	-40	275	120	-23	
53	28	104	11	-39	-45	-36	-2	-90	-49	102	-19	105	110	160	68	-20	-121	94	-11	-57	-42	85	-87	-74	72	120	-92	75	5	82	16	60	108	68	-62	29	15	89	61	-67	-34	-4	22	-59	99	83	27	-48	-64	67	39	-8	-7	32	2	155	64	45	130	-33	-16	-20	20	-98	125	9	-19	60	-68	123	85	-93	29	-9	47	46	-10	20	60	-17	18	-104	-85	-116	63	-82	-45	52	-40	-65	161	102	-12	23	82	5	7	62	-127	
-55	93	-131	141	56	40	29	-204	134	119	64	12	189	119	-28	91	-7	89	-3	143	-33	-6	-118	60	89	45	-73	102	-122	60	81	-2	196	148	33	102	97	131	-32	75	72	154	97	28	128	209	-76	-9	-67	36	-20	-191	-55	22	-54	-81	36	-3	-30	138	87	36	36	23	44	140	114	-68	29	11	82	-12	-87	-156	92	44	13	111	-136	-117	-116	-87	59	38	138	-64	-17	-113	-39	99	37	-22	3	152	-33	140	-48	-15	-13	97	
0	-104	213	160	117	72	67	-71	172	8	169	68	198	40	61	29	49	74	113	-100	3	16	-36	-15	108	1	0	45	-54	95	106	118	-4	131	75	94	11	158	-16	58	197	102	285	242	70	108	-109	79	72	-54	73	54	88	-80	29	-40	18	2	-11	197	124	-35	19	-40	139	-88	12	141	-9	-6	63	59	2	-36	85	44	-89	126	154	-58	-13	20	-9	-39	62	42	32	21	-11	-48	63	23	209	109	182	98	25	185	-59	62	
-11	10	-37	120	48	-33	61	173	-10	-193	89	-91	17	42	-50	-109	-153	122	32	-25	51	-87	-62	107	155	-86	121	24	-89	96	-62	121	-33	-59	109	90	-35	72	-4	12	152	91	101	183	-14	-32	-54	89	-189	-37	-26	65	-95	-29	-20	-112	106	92	-88	111	98	130	-29	33	85	-34	224	71	172	-46	-40	89	100	34	37	-39	37	122	14	-197	-26	54	119	34	-76	-49	-23	25	-16	-130	19	40	61	93	84	-35	22	140	-24	36	
94	135	-4	-129	-7	27	-50	49	-2	-80	151	-65	-148	87	98	48	124	-10	107	67	17	8	164	56	-59	-67	37	107	21	95	-79	37	168	84	68	39	1	32	53	93	19	-75	4	59	-8	5	115	-44	-83	72	64	61	72	123	178	167	-35	-83	189	6	-48	-22	-32	-19	-27	79	123	189	-21	130	-14	16	51	-56	-77	18	68	2	-39	184	10	20	271	-34	-166	-79	1	58	35	32	84	70	72	48	29	149	67	-62	-74	-189	
166	-45	88	63	25	105	72	91	37	-154	51	3	33	-37	3	66	-18	-23	-23	-55	61	52	71	26	23	62	46	-72	63	-15	17	121	-35	-6	10	50	-60	-19	-15	62	92	119	120	97	-18	59	-82	53	-46	45	109	-20	9	117	135	58	-52	-29	59	-69	56	-107	-13	26	-75	160	50	237	2	-31	-27	66	58	62	-33	-76	33	100	188	-74	115	10	-5	160	3	37	-155	-59	165	32	-50	26	109	-7	82	69	43	136	85	-4	
-98	126	-24	67	104	-164	94	-40	24	-51	-19	67	78	189	76	59	-71	48	13	-40	61	-32	10	141	46	-85	43	107	125	32	209	-54	81	232	-23	23	-93	74	120	87	21	120	130	-54	41	-157	7	-2	-39	-135	-52	126	118	-25	46	60	70	-5	50	-76	-55	-20	-2	251	21	64	98	-56	-62	-89	138	3	96	67	-21	10	104	36	68	52	122	6	23	-62	92	151	-39	51	58	179	273	155	32	148	75	97	155	-57	-113	136	
140	153	144	9	-97	-67	65	36	-33	242	22	-39	-67	-166	-70	15	-29	-68	165	29	-90	-137	80	96	10	214	-112	-22	-39	-95	-70	-15	-203	-95	-6	34	-36	-118	104	-85	204	128	55	-2	172	-113	15	-126	-12	-14	-120	52	17	67	29	18	88	91	31	-5	-112	68	1	-62	-13	14	172	-8	15	29	-15	98	63	8	43	-95	70	130	91	60	-56	12	-10	32	50	120	-13	6	-79	279	35	-62	-92	-90	20	70	76	23	-78	131	
29	39	-45	21	-57	29	-11	4	104	-116	137	-114	-20	-80	-89	31	75	-64	168	88	77	17	-12	143	-201	45	-12	39	79	-62	98	4	-116	176	-117	-28	-72	102	-117	44	174	20	16	44	45	31	-118	162	-213	-24	-125	53	-35	45	124	68	197	48	-23	84	129	-8	-79	-106	-58	61	171	112	8	4	70	10	56	85	-31	-25	-63	45	9	63	81	-111	115	-48	-61	-3	6	-13	-54	90	121	-69	-39	85	67	-21	-6	-33	39	-126	
-168	178	104	63	42	10	103	32	-80	61	89	-10	309	29	-48	30	179	85	96	81	-25	19	47	-51	68	30	-61	61	84	-9	85	120	-10	5	-20	-28	87	65	138	208	145	76	-14	14	160	-26	-73	58	22	7	16	132	117	29	73	18	161	-77	14	115	41	83	-63	-23	85	57	94	147	68	38	-99	138	28	48	-77	25	135	-8	-31	31	-31	41	181	73	10	-73	67	29	189	189	39	50	31	87	197	6	59	170	64	65	
173	44	19	-70	76	168	87	71	3	18	-35	53	-155	-22	33	71	140	18	10	130	23	-40	-15	-34	-25	60	105	19	-111	-86	-50	81	142	67	39	186	25	87	139	-52	109	95	-41	110	21	23	77	41	120	98	21	57	94	100	-121	4	-40	-58	60	-83	-65	-42	28	192	80	23	189	156	-134	58	50	-67	62	-114	87	112	-12	58	25	110	124	-141	97	125	232	-52	76	59	88	69	-134	20	34	32	-113	196	-2	53	69	149	
-21	107	-62	-72	-55	-28	-91	-3	86	-48	87	114	162	41	51	37	0	18	122	128	103	-25	-98	131	33	-54	51	29	3	-81	61	25	56	-16	10	-4	32	-4	-78	24	-77	226	-58	141	-67	-100	28	-56	4	-6	-138	-120	-100	6	25	19	-50	76	34	58	1	32	108	-140	-178	1	-68	-15	46	48	5	91	182	3	174	28	-43	-62	99	11	51	-154	22	50	-48	-20	15	-73	57	141	137	32	-76	40	-10	-1	115	-59	-119	-8	
-39	-22	98	-35	64	26	-70	97	-69	-55	51	37	5	127	38	-69	-103	100	195	81	33	16	-40	49	-85	12	58	127	-61	72	4	105	131	-125	116	-4	19	38	174	-122	30	-22	77	128	67	-22	120	78	104	162	38	40	-42	87	126	-82	65	51	-7	94	102	73	73	46	-6	104	-40	164	-53	128	64	-81	42	-42	64	57	121	208	17	43	-129	95	172	54	4	-61	-23	19	271	-44	-79	145	110	-74	120	212	17	134	49	11	
20	3	-43	91	126	-105	-173	-80	73	1	-8	-20	19	-16	14	-34	-48	88	-108	6	68	-9	48	-69	170	41	-58	138	8	-10	-114	28	-157	-156	-112	262	-51	8	40	-10	-89	14	-61	-55	-63	111	-50	-21	-19	67	104	21	-62	8	-103	-107	0	60	-65	-58	133	-113	-53	26	69	-21	-78	20	-37	-130	168	-7	-2	-44	4	-100	20	-50	116	20	114	15	-36	92	25	-26	25	76	-62	-53	-147	-86	83	161	29	-194	-21	26	-19	0	
34	-168	-54	93	-5	-26	-75	124	80	-117	44	53	43	-116	84	59	38	-35	125	11	143	72	-61	162	-37	38	-66	119	-150	-15	88	3	39	225	34	162	-104	57	-66	-101	-72	109	-89	110	-18	-62	150	-51	-12	-15	-35	62	65	99	43	-60	-2	-92	130	37	51	-33	29	127	10	48	47	199	21	-108	-50	132	149	76	224	-4	108	111	88	-50	6	-100	181	106	23	25	34	-65	-60	7	108	-54	-84	193	-1	56	55	-110	31	82	
39	25	171	196	66	54	13	49	122	-51	38	-20	58	64	-33	146	114	87	100	88	79	52	132	-88	-122	-21	-24	100	19	34	12	110	-52	-137	124	-80	49	113	84	-1	57	-114	-51	-23	1	106	134	-20	119	-70	-90	9	-22	38	85	-44	225	-71	-18	52	41	-15	60	-102	35	98	100	206	-44	-17	-74	79	-47	24	-1	-24	-39	88	96	9	-120	4	-3	37	126	-23	6	-54	38	42	-110	-51	-85	59	22	78	155	76	66	-147	
-34	225	-18	32	44	70	-224	10	149	66	9	155	-1	153	118	-71	-33	-44	53	43	23	-114	-25	33	-34	113	-54	226	-122	-13	76	-58	211	158	31	-36	109	-1	31	-62	16	13	10	228	47	41	9	25	99	45	142	26	117	176	104	-83	83	128	13	153	72	141	47	-50	-30	-47	-88	-71	57	67	30	87	23	114	-120	149	-69	202	54	52	47	101	43	33	39	-59	-20	32	51	77	246	70	-108	21	200	211	-140	81	-19	46	
60	-42	167	-1	-22	121	170	-1	-96	-34	-122	-103	22	-49	98	67	93	134	-54	-120	62	33	35	-55	-32	112	74	46	102	34	148	30	13	44	-68	-122	-22	-43	75	39	170	209	61	76	94	49	33	143	-67	56	125	157	99	-26	5	-22	-26	-62	76	-160	118	93	83	86	77	42	-89	72	81	130	89	28	209	-38	134	71	51	-38	78	68	-24	-2	65	153	0	166	-25	-25	-54	-81	53	-28	133	42	45	-88	-29	249	46	104	
17	92	261	143	19	102	128	29	53	129	-99	-75	152	33	38	40	218	55	55	-40	75	-96	-50	-22	-6	-4	-2	43	83	32	168	104	-81	26	-4	-42	-10	52	21	167	199	79	208	96	90	4	207	-29	-39	-41	100	-59	46	1	115	-97	-16	69	16	70	30	138	97	43	68	73	94	8	184	103	-14	-60	121	-18	-32	137	46	157	32	101	-53	-20	136	22	-32	95	31	60	-41	16	59	121	70	-90	292	48	13	181	37	68	
118	128	4	92	177	-49	-63	90	103	127	132	-65	128	-71	51	-85	-96	-5	82	-153	146	142	145	-58	36	113	-27	62	-2	99	75	31	-155	-67	51	111	59	-137	-115	-29	54	201	-170	26	30	33	38	-43	5	-24	53	-34	-110	-100	79	-116	177	-44	30	47	-98	79	80	-38	45	148	-138	-84	31	12	-60	19	33	51	28	70	21	-107	-13	-90	-115	51	-21	111	93	-39	-64	-20	6	-1	-3	-84	57	-30	-85	12	65	-50	-95	86	
130	-6	161	-44	-24	-29	14	27	-20	74	-32	-83	-58	25	14	-1	-69	25	104	-16	-72	27	83	-32	188	127	-23	89	68	-40	44	50	-179	18	23	40	-15	-75	139	79	-5	94	39	3	177	28	-58	-120	-157	-21	72	61	-134	-120	23	-103	36	141	81	173	67	51	16	-77	68	-8	25	43	75	12	138	57	130	20	-63	16	-32	207	-85	-94	-245	-73	10	58	58	-98	-62	-43	58	-28	-114	-123	13	35	40	35	82	155	-20	-36	
19	151	64	79	-36	30	53	-98	196	-18	28	100	-33	-16	-123	-9	34	-35	105	37	173	107	163	-59	-69	43	45	-126	107	-49	30	92	-29	-43	85	129	56	205	-72	92	205	-11	2	59	119	-33	-83	111	-87	-54	2	70	70	83	76	-15	-3	136	29	76	66	109	70	52	20	112	60	121	-172	156	65	-53	8	29	-136	225	-85	98	70	72	46	30	25	82	-13	-53	-65	89	113	166	18	-72	241	84	-44	23	96	60	7	21	
115	74	105	162	-59	61	89	-73	113	-58	-86	6	115	33	66	64	65	69	-22	105	75	-17	-37	63	-111	-23	-19	-106	21	88	5	-60	-15	-135	6	53	35	37	12	58	23	131	48	87	32	-33	25	78	109	-26	-59	-9	-177	-63	136	52	-35	129	-222	109	159	68	-27	-20	12	184	1	84	68	107	-4	117	56	36	-43	-84	-51	20	-115	-12	-68	-41	-23	102	1	133	-43	17	4	34	-92	13	27	137	-38	3	84	91	70	71	
65	102	-14	54	-128	46	-2	121	-84	14	-185	45	12	-17	14	45	-74	86	78	162	-114	-108	29	-7	65	-73	55	12	6	-110	18	50	-42	25	30	-6	-119	2	19	27	-29	47	-99	60	99	-94	52	-55	-56	-2	79	8	29	37	124	-24	46	-72	-60	-93	-25	188	148	69	84	155	74	-23	10	112	-46	89	74	-63	11	45	-1	7	19	20	82	-33	131	169	127	105	-90	-52	-17	96	-4	-38	20	91	-8	135	-25	87	75	144	
-15	9	-112	22	-134	57	26	-30	-50	16	-69	44	-53	-132	138	112	-106	-31	41	135	45	38	42	-20	146	53	167	-99	49	-90	-47	-108	-18	89	10	111	96	-89	-83	46	41	56	181	147	-28	49	-74	59	68	77	-1	57	76	45	-135	119	-38	1	-25	-142	-142	82	-111	138	-18	55	-9	-124	-77	-89	6	-27	-72	-54	27	57	79	-16	-58	36	155	-24	-3	76	-10	56	7	-10	-73	174	0	111	59	10	-66	51	-20	-68	-3	87	
78	173	-5	50	-69	-66	-33	-79	194	-57	-38	106	19	-123	-24	128	-62	107	122	67	69	-56	98	56	98	91	73	1	52	21	40	77	-48	-50	-55	125	131	37	-23	-80	47	156	105	13	-71	37	-36	-43	197	45	56	-2	117	89	-167	-70	54	-49	18	-15	29	119	118	-57	-36	21	57	-40	-39	-2	-27	-18	-8	56	91	149	27	-48	172	33	8	-15	-114	100	84	-66	136	-67	-85	207	9	3	64	125	-98	-108	-122	-25	50	157	
100	187	15	34	-58	-58	-54	35	179	-6	84	183	206	-29	167	42	-79	-50	167	49	-144	-31	-133	152	22	-37	-19	39	-66	125	32	64	52	95	63	86	65	0	59	118	196	285	154	153	85	-64	-125	-9	42	96	109	141	98	38	0	49	97	54	-23	92	-50	142	-38	62	34	104	225	255	1	73	67	140	38	-11	54	122	141	-2	89	32	-130	-4	106	2	98	-88	106	-155	79	182	190	59	124	91	103	162	16	175	45	21	
40	226	-59	-46	9	-2	-90	18	-105	65	38	-22	7	124	56	-152	-12	-1	78	-47	11	-81	-11	115	-67	56	80	62	-14	-91	316	44	95	148	-54	14	274	48	145	61	-19	60	17	233	113	-41	33	14	11	66	-5	74	179	-45	-141	4	-88	82	199	-20	137	46	163	161	12	55	-126	-143	158	37	106	64	0	69	79	126	71	-7	-82	59	-21	-14	75	24	-61	65	-55	39	121	-13	200	57	132	22	141	70	-4	112	-31	132	
-62	-40	-73	123	95	32	53	-51	-7	-89	-70	34	14	-33	-18	75	8	219	-60	9	66	-107	14	101	34	-115	25	-11	105	4	16	80	112	78	55	32	24	156	38	145	72	108	119	37	34	-83	-45	27	90	14	-32	7	178	-71	-9	-45	-77	127	33	42	136	121	30	95	-62	19	57	96	-92	-64	41	-64	90	-8	39	26	134	158	-34	19	-5	-9	-20	-14	1	-106	12	61	22	53	-87	49	59	48	144	-35	29	90	134	124	
100	42	28	198	101	-70	8	-36	121	-243	45	-145	39	-161	-12	-99	-22	114	-53	-54	52	-110	-20	172	-90	-183	-37	225	25	41	-33	-99	-74	90	-118	34	42	209	-35	39	65	169	18	92	78	-157	-18	-76	-34	67	-179	-8	-46	-11	3	59	-1	131	-13	21	153	139	12	-5	29	141	5	113	-6	-11	90	-13	101	116	90	-108	120	-90	-86	70	-44	-49	19	-68	-29	4	40	-86	-64	-124	24	85	-25	39	0	-125	68	75	107	-39	
100	-34	225	105	10	111	100	-63	1	-56	-9	77	4	30	149	99	-19	85	56	64	98	-4	40	17	83	31	95	-58	-34	102	-26	69	-89	-81	57	149	54	72	120	-82	2	80	-28	26	95	79	55	110	-70	26	27	2	-55	-32	-31	-59	6	71	198	10	59	2	45	7	140	42	41	-37	103	119	69	-59	-20	-36	101	-14	-22	-54	32	36	76	5	-62	111	104	100	-64	-28	145	131	-105	69	69	90	-50	65	130	58	-31	49	
34	-24	154	-58	-37	50	46	15	110	47	-17	55	-92	-160	62	47	-47	166	294	34	18	-30	91	92	34	91	197	100	-98	104	100	41	-46	3	-17	85	-72	16	55	-104	130	33	-33	306	-21	35	92	152	48	66	118	128	39	37	30	-167	43	-112	126	127	144	139	110	22	264	-23	43	61	-29	80	-90	153	42	175	131	196	-66	32	101	-239	25	3	-188	-46	152	-30	-32	-33	97	11	-6	-92	171	78	82	23	-123	63	19	62	
0.012930
